448,192,316783,1,0,0:0:0:0:
192,192,316783,1,0,0:0:0:0:
320,192,316826,1,0,0:0:0:0:
64,192,316869,1,0,0:0:0:0:
448,192,316913,1,0,0:0:0:0:
320,192,316956,1,0,0:0:0:0:
64,192,317000,1,0,0:0:0:0:
192,192,317043,1,0,0:0:0:0:
448,192,317087,1,0,0:0:0:0:
320,192,317130,1,0,0:0:0:0:
192,192,317174,1,0,0:0:0:0:
448,192,317217,1,0,0:0:0:0:
64,192,317261,1,0,0:0:0:0:
320,192,317304,1,0,0:0:0:0:
192,192,317304,1,0,0:0:0:0:
448,192,317348,1,0,0:0:0:0:
64,192,317391,1,0,0:0:0:0:
320,192,317435,1,0,0:0:0:0:
448,192,317478,1,0,0:0:0:0:
64,192,317522,1,0,0:0:0:0:
320,192,317565,1,0,0:0:0:0:
448,192,317609,1,0,0:0:0:0:
64,192,317652,1,0,0:0:0:0:
320,192,317696,1,0,0:0:0:0:
448,192,317739,1,0,0:0:0:0:
64,192,317783,1,0,0:0:0:0:
320,192,317826,1,0,0:0:0:0:
192,192,317826,1,0,0:0:0:0:
448,192,317869,1,0,0:0:0:0:
64,192,317913,1,0,0:0:0:0:
320,192,317956,1,0,0:0:0:0:
448,192,318000,1,0,0:0:0:0:
192,192,318043,1,0,0:0:0:0:
64,192,318087,1,0,0:0:0:0:
320,192,318130,1,0,0:0:0:0:
448,192,318174,1,0,0:0:0:0:
64,192,318217,1,0,0:0:0:0:
320,192,318261,1,0,0:0:0:0:
448,192,318304,1,0,0:0:0:0:
192,192,318348,1,0,0:0:0:0:
64,192,318348,1,0,0:0:0:0:
320,192,318391,1,0,0:0:0:0:
448,192,318435,1,0,0:0:0:0:
192,192,318478,1,0,0:0:0:0:
320,192,318522,1,0,0:0:0:0:
448,192,318565,1,0,0:0:0:0:
192,192,318609,1,0,0:0:0:0:
320,192,318652,1,0,0:0:0:0:
448,192,318696,1,0,0:0:0:0:
64,192,318739,1,0,0:0:0:0:
320,192,318783,1,0,0:0:0:0:
192,192,318826,1,0,0:0:0:0:
448,192,318869,1,0,0:0:0:0:
64,192,318869,1,0,0:0:0:0:
320,192,318913,1,0,0:0:0:0:
192,192,318956,1,0,0:0:0:0:
448,192,319000,1,0,0:0:0:0:
320,192,319043,1,0,0:0:0:0:
64,192,319087,1,0,0:0:0:0:
448,192,319130,1,0,0:0:0:0:
192,192,319174,1,0,0:0:0:0:
64,192,319217,1,0,0:0:0:0:
320,192,319261,1,0,0:0:0:0:
192,192,319304,1,0,0:0:0:0:
64,192,319348,1,0,0:0:0:0:
320,192,319391,1,0,0:0:0:0:
448,192,319391,1,0,0:0:0:0:
192,192,319435,1,0,0:0:0:0:
64,192,319478,1,0,0:0:0:0:
320,192,319522,1,0,0:0:0:0:
448,192,319565,1,0,0:0:0:0:
192,192,319609,1,0,0:0:0:0:
64,192,319652,1,0,0:0:0:0:
320,192,319696,1,0,0:0:0:0:
192,192,319739,1,0,0:0:0:0:
64,192,319783,1,0,0:0:0:0:
320,192,319826,1,0,0:0:0:0:
192,192,319869,1,0,0:0:0:0:
448,192,319913,1,0,0:0:0:0:
64,192,319913,1,0,0:0:0:0:
320,192,319956,1,0,0:0:0:0:
192,192,320000,1,0,0:0:0:0:
64,192,320043,1,0,0:0:0:0:
320,192,320087,1,0,0:0:0:0:
448,192,320130,1,0,0:0:0:0:
64,192,320174,1,0,0:0:0:0:
320,192,320217,1,0,0:0:0:0:
448,192,320261,1,0,0:0:0:0:
192,192,320304,1,0,0:0:0:0:
64,192,320348,1,0,0:0:0:0:
320,192,320391,1,0,0:0:0:0:
448,192,320435,1,0,0:0:0:0:
192,192,320435,1,0,0:0:0:0:
64,192,320478,1,0,0:0:0:0:
320,192,320522,1,0,0:0:0:0:
192,192,320565,1,0,0:0:0:0:
448,192,320609,1,0,0:0:0:0:
64,192,320652,1,0,0:0:0:0:
192,192,320696,1,0,0:0:0:0:
320,192,320739,1,0,0:0:0:0:
448,192,320783,1,0,0:0:0:0:
64,192,320826,1,0,0:0:0:0:
192,192,320869,1,0,0:0:0:0:
320,192,320913,1,0,0:0:0:0:
64,192,320956,1,0,0:0:0:0:
448,192,320956,1,0,0:0:0:0:
192,192,321000,1,0,0:0:0:0:
320,192,321043,1,0,0:0:0:0:
64,192,321087,1,0,0:0:0:0:
448,192,321130,1,0,0:0:0:0:
320,192,321174,1,0,0:0:0:0:
192,192,321217,1,0,0:0:0:0:
64,192,321261,1,0,0:0:0:0:
448,192,321304,1,0,0:0:0:0:
320,192,321348,1,0,0:0:0:0:
64,192,321391,1,0,0:0:0:0:
192,192,321435,1,0,0:0:0:0:
320,192,321478,1,0,0:0:0:0:
448,192,321478,1,0,0:0:0:0:
64,192,321522,1,0,0:0:0:0:
192,192,321565,1,0,0:0:0:0:
320,192,321609,1,0,0:0:0:0:
64,192,321652,1,0,0:0:0:0:
192,192,321696,1,0,0:0:0:0:
320,192,321739,1,0,0:0:0:0:
448,192,321783,1,0,0:0:0:0:
64,192,321826,1,0,0:0:0:0:
192,192,321869,1,0,0:0:0:0:
448,192,321913,1,0,0:0:0:0:
320,192,321956,1,0,0:0:0:0:
64,192,322000,1,0,0:0:0:0:
192,192,322000,1,0,0:0:0:0:
448,192,322043,1,0,0:0:0:0:
320,192,322087,1,0,0:0:0:0:
192,192,322130,1,0,0:0:0:0:
448,192,322174,1,0,0:0:0:0:
320,192,322217,1,0,0:0:0:0:
64,192,322261,1,0,0:0:0:0:
448,192,322304,1,0,0:0:0:0:
192,192,322348,1,0,0:0:0:0:
320,192,322391,1,0,0:0:0:0:
448,192,322435,1,0,0:0:0:0:
192,192,322478,1,0,0:0:0:0:
64,192,322522,1,0,0:0:0:0:
320,192,322522,1,0,0:0:0:0:
448,192,322565,1,0,0:0:0:0:
192,192,322609,1,0,0:0:0:0:
320,192,322652,1,0,0:0:0:0:
64,192,322696,1,0,0:0:0:0:
448,192,322739,1,0,0:0:0:0:
192,192,322783,1,0,0:0:0:0:
64,192,322826,1,0,0:0:0:0:
320,192,322869,1,0,0:0:0:0:
448,192,322913,1,0,0:0:0:0:
64,192,322956,1,0,0:0:0:0:
320,192,323000,1,0,0:0:0:0:
448,192,323043,1,0,0:0:0:0:
192,192,323043,1,0,0:0:0:0:
64,192,323087,1,0,0:0:0:0:
320,192,323130,1,0,0:0:0:0:
192,192,323174,1,0,0:0:0:0:
64,192,323217,1,0,0:0:0:0:
448,192,323261,1,0,0:0:0:0:
320,192,323304,1,0,0:0:0:0:
192,192,323348,1,0,0:0:0:0:
448,192,323391,1,0,0:0:0:0:
320,192,323435,1,0,0:0:0:0:
64,192,323478,1,0,0:0:0:0:
448,192,323522,1,0,0:0:0:0:
320,192,323565,1,0,0:0:0:0:
192,192,323565,1,0,0:0:0:0:
64,192,323609,1,0,0:0:0:0:
448,192,323652,1,0,0:0:0:0:
192,192,323696,1,0,0:0:0:0:
320,192,323739,1,0,0:0:0:0:
64,192,323783,1,0,0:0:0:0:
448,192,323826,1,0,0:0:0:0:
320,192,323869,1,0,0:0:0:0:
64,192,323913,1,0,0:0:0:0:
192,192,323956,1,0,0:0:0:0:
448,192,324000,1,0,0:0:0:0:
64,192,324043,1,0,0:0:0:0:
192,192,324087,1,0,0:0:0:0:
320,192,324087,1,0,0:0:0:0:
448,192,324130,1,0,0:0:0:0:
64,192,324174,1,0,0:0:0:0:
192,192,324217,1,0,0:0:0:0:
448,192,324261,1,0,0:0:0:0:
320,192,324304,1,0,0:0:0:0:
192,192,324348,1,0,0:0:0:0:
448,192,324391,1,0,0:0:0:0:
320,192,324435,1,0,0:0:0:0:
192,192,324478,1,0,0:0:0:0:
448,192,324522,1,0,0:0:0:0:
320,192,324565,1,0,0:0:0:0:
192,192,324609,1,0,0:0:0:0:
64,192,324609,1,0,0:0:0:0:
448,192,324652,1,0,0:0:0:0:
320,192,324696,1,0,0:0:0:0:
64,192,324739,1,0,0:0:0:0:
192,192,324783,1,0,0:0:0:0:
320,192,324826,1,0,0:0:0:0:
448,192,324869,1,0,0:0:0:0:
64,192,324913,1,0,0:0:0:0:
192,192,324956,1,0,0:0:0:0:
320,192,325000,1,0,0:0:0:0:
448,192,325043,1,0,0:0:0:0:
192,192,325087,1,0,0:0:0:0:
64,192,325130,1,0,0:0:0:0:
320,192,325130,1,0,0:0:0:0:
448,192,325174,1,0,0:0:0:0:
192,192,325217,1,0,0:0:0:0:
320,192,325261,1,0,0:0:0:0:
448,192,325304,1,0,0:0:0:0:
64,192,325348,1,0,0:0:0:0:
320,192,325391,1,0,0:0:0:0:
448,192,325435,1,0,0:0:0:0:
64,192,325478,1,0,0:0:0:0:
320,192,325522,1,0,0:0:0:0:
448,192,325565,1,0,0:0:0:0:
64,192,325609,1,0,0:0:0:0:
192,192,325652,1,0,0:0:0:0:
320,192,325652,1,0,0:0:0:0:
448,192,325696,1,0,0:0:0:0:
64,192,325739,1,0,0:0:0:0:
192,192,325783,1,0,0:0:0:0:
448,192,325826,1,0,0:0:0:0:
320,192,325869,1,0,0:0:0:0:
64,192,325913,1,0,0:0:0:0:
448,192,325956,1,0,0:0:0:0:
192,192,326000,1,0,0:0:0:0:
320,192,326043,1,0,0:0:0:0:
448,192,326087,1,0,0:0:0:0:
192,192,326130,1,0,0:0:0:0:
64,192,326174,1,0,0:0:0:0:
320,192,326174,1,0,0:0:0:0:
448,192,326217,1,0,0:0:0:0:
192,192,326261,1,0,0:0:0:0:
64,192,326304,1,0,0:0:0:0:
320,192,326348,1,0,0:0:0:0:
192,192,326391,1,0,0:0:0:0:
64,192,326435,1,0,0:0:0:0:
448,192,326478,1,0,0:0:0:0:
192,192,326522,1,0,0:0:0:0:
64,192,326565,1,0,0:0:0:0:
320,192,326609,1,0,0:0:0:0:
192,192,326652,1,0,0:0:0:0:
64,192,326696,1,0,0:0:0:0:
448,192,326696,1,0,0:0:0:0:
320,192,326739,1,0,0:0:0:0:
192,192,326783,1,0,0:0:0:0:
64,192,326826,1,0,0:0:0:0:
320,192,326869,1,0,0:0:0:0:
192,192,326913,1,0,0:0:0:0:
448,192,326956,1,0,0:0:0:0:
320,192,327000,1,0,0:0:0:0:
64,192,327043,1,0,0:0:0:0:
192,192,327087,1,0,0:0:0:0:
320,192,327130,1,0,0:0:0:0:
448,192,327174,1,0,0:0:0:0:
192,192,327217,1,0,0:0:0:0:
64,192,327217,1,0,0:0:0:0:
320,192,327261,1,0,0:0:0:0:
448,192,327304,1,0,0:0:0:0:
64,192,327348,1,0,0:0:0:0:
320,192,327391,1,0,0:0:0:0:
192,192,327435,1,0,0:0:0:0:
64,192,327478,1,0,0:0:0:0:
320,192,327522,1,0,0:0:0:0:
448,192,327565,1,0,0:0:0:0:
64,192,327609,1,0,0:0:0:0:
320,192,327652,1,0,0:0:0:0:
448,192,327696,1,0,0:0:0:0:
192,192,327739,1,0,0:0:0:0:
64,192,327739,1,0,0:0:0:0:
320,192,327783,1,0,0:0:0:0:
448,192,327826,1,0,0:0:0:0:
192,192,327869,1,0,0:0:0:0:
64,192,327913,1,0,0:0:0:0:
320,192,327956,1,0,0:0:0:0:
192,192,328000,1,0,0:0:0:0:
448,192,328043,1,0,0:0:0:0:
320,192,328087,1,0,0:0:0:0:
192,192,328130,1,0,0:0:0:0:
64,192,328174,1,0,0:0:0:0:
448,192,328217,1,0,0:0:0:0:
192,192,328261,1,0,0:0:0:0:
320,192,328261,1,0,0:0:0:0:
64,192,328304,1,0,0:0:0:0:
448,192,328348,1,0,0:0:0:0:
192,192,328391,1,0,0:0:0:0:
320,192,328435,1,0,0:0:0:0:
448,192,328478,1,0,0:0:0:0:
64,192,328522,1,0,0:0:0:0:
320,192,328565,1,0,0:0:0:0:
448,192,328609,1,0,0:0:0:0:
64,192,328652,1,0,0:0:0:0:
320,192,328696,1,0,0:0:0:0:
192,192,328739,1,0,0:0:0:0:
64,192,328783,1,0,0:0:0:0:
448,192,328783,1,0,0:0:0:0:
320,192,328826,1,0,0:0:0:0:
192,192,328869,1,0,0:0:0:0:
448,192,328913,1,0,0:0:0:0:
320,192,328956,1,0,0:0:0:0:
192,192,329000,1,0,0:0:0:0:
448,192,329043,1,0,0:0:0:0:
64,192,329087,1,0,0:0:0:0:
320,192,329130,1,0,0:0:0:0:
192,192,329174,1,0,0:0:0:0:
64,192,329217,1,0,0:0:0:0:
320,192,329261,1,0,0:0:0:0:
192,192,329304,1,0,0:0:0:0:
448,192,329304,1,0,0:0:0:0:
64,192,329348,1,0,0:0:0:0:
320,192,329391,1,0,0:0:0:0:
448,192,329435,1,0,0:0:0:0:
64,192,329478,1,0,0:0:0:0:
192,192,329522,1,0,0:0:0:0:
320,192,329565,1,0,0:0:0:0:
64,192,329609,1,0,0:0:0:0:
448,192,329652,1,0,0:0:0:0:
192,192,329696,1,0,0:0:0:0:
320,192,329739,1,0,0:0:0:0:
448,192,329783,1,0,0:0:0:0:
192,192,329826,1,0,0:0:0:0:
64,192,329826,1,0,0:0:0:0:
320,192,329869,1,0,0:0:0:0:
448,192,329913,1,0,0:0:0:0:
64,192,329956,1,0,0:0:0:0:
320,192,330000,1,0,0:0:0:0:
192,192,330043,1,0,0:0:0:0:
448,192,330087,1,0,0:0:0:0:
320,192,330130,1,0,0:0:0:0:
192,192,330174,1,0,0:0:0:0:
448,192,330217,1,0,0:0:0:0:
320,192,330261,1,0,0:0:0:0:
64,192,330304,1,0,0:0:0:0:
192,192,330348,1,0,0:0:0:0:
448,192,330348,1,0,0:0:0:0:
320,192,330391,1,0,0:0:0:0:
64,192,330435,1,0,0:0:0:0:
192,192,330478,1,0,0:0:0:0:
320,192,330522,1,0,0:0:0:0:
64,192,330565,1,0,0:0:0:0:
448,192,330609,1,0,0:0:0:0:
320,192,330652,1,0,0:0:0:0:
192,192,330696,1,0,0:0:0:0:
448,192,330739,1,0,0:0:0:0:
64,192,330783,1,0,0:0:0:0:
320,192,330826,1,0,0:0:0:0:
192,192,330869,1,0,0:0:0:0:
448,192,330869,1,0,0:0:0:0:
64,192,330913,1,0,0:0:0:0:
320,192,330956,1,0,0:0:0:0:
192,192,331000,1,0,0:0:0:0:
448,192,331043,1,0,0:0:0:0:
320,192,331087,1,0,0:0:0:0:
64,192,331130,1,0,0:0:0:0:
448,192,331174,1,0,0:0:0:0:
192,192,331217,1,0,0:0:0:0:
320,192,331261,1,0,0:0:0:0:
64,192,331304,1,0,0:0:0:0:
448,192,331348,1,0,0:0:0:0:
320,192,331391,1,0,0:0:0:0:
192,192,331391,1,0,0:0:0:0:
64,192,331435,1,0,0:0:0:0:
448,192,331478,1,0,0:0:0:0:
320,192,331522,1,0,0:0:0:0:
192,192,331565,1,0,0:0:0:0:
448,192,331609,1,0,0:0:0:0:
64,192,331652,1,0,0:0:0:0:
320,192,331696,1,0,0:0:0:0:
192,192,331739,1,0,0:0:0:0:
64,192,331783,1,0,0:0:0:0:
320,192,331826,1,0,0:0:0:0:
192,192,331869,1,0,0:0:0:0:
64,192,331913,1,0,0:0:0:0:
448,192,331913,1,0,0:0:0:0:
320,192,331956,1,0,0:0:0:0:
192,192,332000,1,0,0:0:0:0:
64,192,332043,1,0,0:0:0:0:
448,192,332087,1,0,0:0:0:0:
320,192,332130,1,0,0:0:0:0:
64,192,332174,1,0,0:0:0:0:
192,192,332217,1,0,0:0:0:0:
320,192,332261,1,0,0:0:0:0:
448,192,332304,1,0,0:0:0:0:
64,192,332348,1,0,0:0:0:0:
192,192,332391,1,0,0:0:0:0:
320,192,332435,1,0,0:0:0:0:
448,192,332435,1,0,0:0:0:0:
64,192,332478,1,0,0:0:0:0:
192,192,332522,1,0,0:0:0:0:
448,192,332565,1,0,0:0:0:0:
64,192,332609,1,0,0:0:0:0:
320,192,332652,1,0,0:0:0:0:
192,192,332696,1,0,0:0:0:0:
64,192,332739,1,0,0:0:0:0:
320,192,332783,1,0,0:0:0:0:
192,192,332826,1,0,0:0:0:0:
448,192,332869,1,0,0:0:0:0:
320,192,332913,1,0,0:0:0:0:
64,192,332956,1,0,0:0:0:0:
192,192,332956,1,0,0:0:0:0:
448,192,333000,1,0,0:0:0:0:
320,192,333043,1,0,0:0:0:0:
192,192,333087,1,0,0:0:0:0:
448,192,333130,1,0,0:0:0:0:
64,192,333174,1,0,0:0:0:0:
192,192,333217,1,0,0:0:0:0:
320,192,333261,1,0,0:0:0:0:
64,192,333304,1,0,0:0:0:0:
448,192,333348,1,0,0:0:0:0:
192,192,333391,1,0,0:0:0:0:
64,192,333435,1,0,0:0:0:0:
448,192,333478,1,0,0:0:0:0:
320,192,333478,1,0,0:0:0:0:
192,192,333522,1,0,0:0:0:0:
64,192,333565,1,0,0:0:0:0:
448,192,333609,1,0,0:0:0:0:
192,192,333652,1,0,0:0:0:0:
64,192,333696,1,0,0:0:0:0:
320,192,333739,1,0,0:0:0:0:
448,192,333783,1,0,0:0:0:0:
64,192,333826,1,0,0:0:0:0:
320,192,333869,1,0,0:0:0:0:
192,192,333913,1,0,0:0:0:0:
448,192,333956,1,0,0:0:0:0:
320,192,334000,1,0,0:0:0:0:
64,192,334000,1,0,0:0:0:0:
192,192,334043,1,0,0:0:0:0:
448,192,334087,1,0,0:0:0:0:
320,192,334130,1,0,0:0:0:0:
64,192,334174,1,0,0:0:0:0:
448,192,334217,1,0,0:0:0:0:
192,192,334261,1,0,0:0:0:0:
320,192,334304,1,0,0:0:0:0:
64,192,334348,1,0,0:0:0:0:
448,192,334391,1,0,0:0:0:0:
192,192,334435,1,0,0:0:0:0:
320,192,334478,1,0,0:0:0:0:
64,192,334522,1,0,0:0:0:0:
448,192,334522,1,0,0:0:0:0:
192,192,334565,1,0,0:0:0:0:
320,192,334609,1,0,0:0:0:0:
64,192,334652,1,0,0:0:0:0:
192,192,334696,1,0,0:0:0:0:
448,192,334739,1,0,0:0:0:0:
64,192,334783,1,0,0:0:0:0:
320,192,334826,1,0,0:0:0:0:
448,192,334869,1,0,0:0:0:0:
192,192,334913,1,0,0:0:0:0:
320,192,334956,1,0,0:0:0:0:
448,192,335000,1,0,0:0:0:0:
64,192,335043,1,0,0:0:0:0:
192,192,335043,1,0,0:0:0:0:
320,192,335087,1,0,0:0:0:0:
448,192,335130,1,0,0:0:0:0:
64,192,335174,1,0,0:0:0:0:
320,192,335217,1,0,0:0:0:0:
448,192,335261,1,0,0:0:0:0:
192,192,335304,1,0,0:0:0:0:
64,192,335348,1,0,0:0:0:0:
448,192,335391,1,0,0:0:0:0:
192,192,335435,1,0,0:0:0:0:
320,192,335478,1,0,0:0:0:0:
448,192,335522,1,0,0:0:0:0:
192,192,335565,1,0,0:0:0:0:
64,192,335565,1,0,0:0:0:0:
320,192,335609,1,0,0:0:0:0:
448,192,335652,1,0,0:0:0:0:
192,192,335696,1,0,0:0:0:0:
64,192,335739,1,0,0:0:0:0:
320,192,335783,1,0,0:0:0:0:
192,192,335826,1,0,0:0:0:0:
448,192,335869,1,0,0:0:0:0:
64,192,335913,1,0,0:0:0:0:
320,192,335956,1,0,0:0:0:0:
448,192,336000,1,0,0:0:0:0:
192,192,336043,1,0,0:0:0:0:
320,192,336087,1,0,0:0:0:0:
64,192,336087,1,0,0:0:0:0:
448,192,336130,1,0,0:0:0:0:
192,192,336174,1,0,0:0:0:0:
64,192,336217,1,0,0:0:0:0:
448,192,336261,1,0,0:0:0:0:
320,192,336304,1,0,0:0:0:0:
64,192,336348,1,0,0:0:0:0:
192,192,336391,1,0,0:0:0:0:
320,192,336435,1,0,0:0:0:0:
448,192,336478,1,0,0:0:0:0:
192,192,336522,1,0,0:0:0:0:
64,192,336565,1,0,0:0:0:0:
320,192,336609,1,0,0:0:0:0:
448,192,336609,1,0,0:0:0:0:
192,192,336652,1,0,0:0:0:0:
64,192,336696,1,0,0:0:0:0:
448,192,336739,1,0,0:0:0:0:
192,192,336783,1,0,0:0:0:0:
64,192,336826,1,0,0:0:0:0:
320,192,336869,1,0,0:0:0:0:
192,192,336913,1,0,0:0:0:0:
64,192,336956,1,0,0:0:0:0:
320,192,337000,1,0,0:0:0:0:
192,192,337043,1,0,0:0:0:0:
64,192,337087,1,0,0:0:0:0:
320,192,337130,1,0,0:0:0:0:
448,192,337130,1,0,0:0:0:0:
192,192,337174,1,0,0:0:0:0:
64,192,337217,1,0,0:0:0:0:
320,192,337261,1,0,0:0:0:0:
192,192,337304,1,0,0:0:0:0:
64,192,337348,1,0,0:0:0:0:
320,192,337391,1,0,0:0:0:0:
448,192,337435,1,0,0:0:0:0:
192,192,337478,1,0,0:0:0:0:
64,192,337522,1,0,0:0:0:0:
448,192,337565,1,0,0:0:0:0:
320,192,337609,1,0,0:0:0:0:
192,192,337652,1,0,0:0:0:0:
64,192,337652,1,0,0:0:0:0:
448,192,337696,1,0,0:0:0:0:
320,192,337739,1,0,0:0:0:0:
64,192,337783,1,0,0:0:0:0:
192,192,337826,1,0,0:0:0:0:
320,192,337869,1,0,0:0:0:0:
64,192,337913,1,0,0:0:0:0:
448,192,337956,1,0,0:0:0:0:
320,192,338000,1,0,0:0:0:0:
192,192,338043,1,0,0:0:0:0:
448,192,338087,1,0,0:0:0:0:
64,192,338130,1,0,0:0:0:0:
192,192,338174,1,0,0:0:0:0:
320,192,338174,1,0,0:0:0:0:
448,192,338217,1,0,0:0:0:0:
64,192,338261,1,0,0:0:0:0:
320,192,338304,1,0,0:0:0:0:
448,192,338348,1,0,0:0:0:0:
64,192,338391,1,0,0:0:0:0:
192,192,338435,1,0,0:0:0:0:
320,192,338478,1,0,0:0:0:0:
64,192,338522,1,0,0:0:0:0:
448,192,338565,1,0,0:0:0:0:
192,192,338609,1,0,0:0:0:0:
64,192,338652,1,0,0:0:0:0:
448,192,338696,1,0,0:0:0:0:
320,192,338696,1,0,0:0:0:0:
192,192,338739,1,0,0:0:0:0:
64,192,338783,1,0,0:0:0:0:
320,192,338826,1,0,0:0:0:0:
192,192,338869,1,0,0:0:0:0:
448,192,338913,1,0,0:0:0:0:
320,192,338956,1,0,0:0:0:0:
64,192,339000,1,0,0:0:0:0:
192,192,339043,1,0,0:0:0:0:
320,192,339087,1,0,0:0:0:0:
448,192,339130,1,0,0:0:0:0:
192,192,339174,1,0,0:0:0:0:
320,192,339217,1,0,0:0:0:0:
64,192,339217,1,0,0:0:0:0:
448,192,339261,1,0,0:0:0:0:
192,192,339304,1,0,0:0:0:0:
64,192,339348,1,0,0:0:0:0:
448,192,339391,1,0,0:0:0:0:
320,192,339435,1,0,0:0:0:0:
64,192,339478,1,0,0:0:0:0:
192,192,339522,1,0,0:0:0:0:
320,192,339565,1,0,0:0:0:0:
64,192,339609,1,0,0:0:0:0:
192,192,339652,1,0,0:0:0:0:
320,192,339696,1,0,0:0:0:0:
448,192,339739,1,0,0:0:0:0:
64,192,339739,1,0,0:0:0:0:
192,192,339783,1,0,0:0:0:0:
320,192,339826,1,0,0:0:0:0:
448,192,339869,1,0,0:0:0:0:
64,192,339913,1,0,0:0:0:0:
320,192,339956,1,0,0:0:0:0:
448,192,340000,1,0,0:0:0:0:
192,192,340043,1,0,0:0:0:0:
64,192,340087,1,0,0:0:0:0:
448,192,340130,1,0,0:0:0:0:
320,192,340174,1,0,0:0:0:0:
192,192,340217,1,0,0:0:0:0:
64,192,340261,1,0,0:0:0:0:
448,192,340261,1,0,0:0:0:0:
320,192,340304,1,0,0:0:0:0:
192,192,340348,1,0,0:0:0:0:
64,192,340391,1,0,0:0:0:0:
320,192,340435,1,0,0:0:0:0:
192,192,340478,1,0,0:0:0:0:
64,192,340522,1,0,0:0:0:0:
320,192,340565,1,0,0:0:0:0:
192,192,340609,1,0,0:0:0:0:
64,192,340652,1,0,0:0:0:0:
448,192,340696,1,0,0:0:0:0:
192,192,340739,1,0,0:0:0:0:
320,192,340783,1,0,0:0:0:0:
64,192,340783,1,0,0:0:0:0:
448,192,340826,1,0,0:0:0:0:
192,192,340869,1,0,0:0:0:0:
64,192,340913,1,0,0:0:0:0:
320,192,340956,1,0,0:0:0:0:
192,192,341000,1,0,0:0:0:0:
64,192,341043,1,0,0:0:0:0:
448,192,341087,1,0,0:0:0:0:
320,192,341130,1,0,0:0:0:0:
64,192,341174,1,0,0:0:0:0:
192,192,341217,1,0,0:0:0:0:
448,192,341261,1,0,0:0:0:0:
64,192,341304,1,0,0:0:0:0:
320,192,341304,1,0,0:0:0:0:
192,192,341348,1,0,0:0:0:0:
448,192,341391,1,0,0:0:0:0:
64,192,341435,1,0,0:0:0:0:
192,192,341478,1,0,0:0:0:0:
320,192,341522,1,0,0:0:0:0:
64,192,341565,1,0,0:0:0:0:
192,192,341609,1,0,0:0:0:0:
448,192,341652,1,0,0:0:0:0:
64,192,341696,1,0,0:0:0:0:
192,192,341739,1,0,0:0:0:0:
448,192,341783,1,0,0:0:0:0:
64,192,341826,1,0,0:0:0:0:
320,192,341826,1,0,0:0:0:0:
192,192,341869,1,0,0:0:0:0:
448,192,341913,1,0,0:0:0:0:
64,192,341956,1,0,0:0:0:0:
192,192,342000,1,0,0:0:0:0:
320,192,342043,1,0,0:0:0:0:
448,192,342087,1,0,0:0:0:0:
64,192,342130,1,0,0:0:0:0:
192,192,342174,1,0,0:0:0:0:
448,192,342217,1,0,0:0:0:0:
64,192,342261,1,0,0:0:0:0:
192,192,342304,1,0,0:0:0:0:
448,192,342348,1,0,0:0:0:0:
320,192,342348,1,0,0:0:0:0:
64,192,342391,1,0,0:0:0:0:
192,192,342435,1,0,0:0:0:0:
448,192,342478,1,0,0:0:0:0:
320,192,342522,1,0,0:0:0:0:
192,192,342565,1,0,0:0:0:0:
448,192,342609,1,0,0:0:0:0:
64,192,342652,1,0,0:0:0:0:
192,192,342696,1,0,0:0:0:0:
320,192,342739,1,0,0:0:0:0:
64,192,342783,1,0,0:0:0:0:
192,192,342826,1,0,0:0:0:0:
320,192,342869,1,0,0:0:0:0:
448,192,342869,1,0,0:0:0:0:
64,192,342913,1,0,0:0:0:0:
192,192,342956,1,0,0:0:0:0:
448,192,343000,1,0,0:0:0:0:
320,192,343043,1,0,0:0:0:0:
192,192,343087,1,0,0:0:0:0:
64,192,343130,1,0,0:0:0:0:
448,192,343174,1,0,0:0:0:0:
320,192,343217,1,0,0:0:0:0:
192,192,343261,1,0,0:0:0:0:
448,192,343304,1,0,0:0:0:0:
64,192,343348,1,0,0:0:0:0:
320,192,343391,1,0,0:0:0:0:
192,192,343391,1,0,0:0:0:0:
448,192,343435,1,0,0:0:0:0:
64,192,343478,1,0,0:0:0:0:
320,192,343522,1,0,0:0:0:0:
192,192,343565,1,0,0:0:0:0:
448,192,343609,1,0,0:0:0:0:
320,192,343652,1,0,0:0:0:0:
64,192,343696,1,0,0:0:0:0:
448,192,343739,1,0,0:0:0:0:
192,192,343783,1,0,0:0:0:0:
320,192,343826,1,0,0:0:0:0:
448,192,343869,1,0,0:0:0:0:
64,192,343913,1,0,0:0:0:0:
192,192,343913,1,0,0:0:0:0:
320,192,343956,1,0,0:0:0:0:
448,192,344000,1,0,0:0:0:0:
64,192,344043,1,0,0:0:0:0:
320,192,344087,1,0,0:0:0:0:
192,192,344130,1,0,0:0:0:0:
448,192,344174,1,0,0:0:0:0:
320,192,344217,1,0,0:0:0:0:
192,192,344261,1,0,0:0:0:0:
448,192,344304,1,0,0:0:0:0:
64,192,344348,1,0,0:0:0:0:
320,192,344391,1,0,0:0:0:0:
192,192,344435,1,0,0:0:0:0:
448,192,344435,1,0,0:0:0:0:
64,192,344478,1,0,0:0:0:0:
320,192,344522,1,0,0:0:0:0:
192,192,344565,1,0,0:0:0:0:
448,192,344609,1,0,0:0:0:0:
64,192,344652,1,0,0:0:0:0:
320,192,344696,1,0,0:0:0:0:
448,192,344739,1,0,0:0:0:0:
192,192,344783,1,0,0:0:0:0:
320,192,344826,1,0,0:0:0:0:
64,192,344869,1,0,0:0:0:0:
448,192,344913,1,0,0:0:0:0:
320,192,344956,1,0,0:0:0:0:
192,192,344956,1,0,0:0:0:0:
64,192,345000,1,0,0:0:0:0:
448,192,345043,1,0,0:0:0:0:
192,192,345087,1,0,0:0:0:0:
64,192,345130,1,0,0:0:0:0:
320,192,345174,1,0,0:0:0:0:
192,192,345217,1,0,0:0:0:0:
64,192,345261,1,0,0:0:0:0:
320,192,345304,1,0,0:0:0:0:
192,192,345348,1,0,0:0:0:0:
64,192,345391,1,0,0:0:0:0:
320,192,345435,1,0,0:0:0:0:
448,192,345478,1,0,0:0:0:0:
192,192,345478,1,0,0:0:0:0:
64,192,345522,1,0,0:0:0:0:
320,192,345565,1,0,0:0:0:0:
192,192,345609,1,0,0:0:0:0:
448,192,345652,1,0,0:0:0:0:
64,192,345696,1,0,0:0:0:0:
320,192,345739,1,0,0:0:0:0:
192,192,345783,1,0,0:0:0:0:
448,192,345826,1,0,0:0:0:0:
320,192,345869,1,0,0:0:0:0:
64,192,345913,1,0,0:0:0:0:
448,192,345956,1,0,0:0:0:0:
192,192,346000,1,0,0:0:0:0:
320,192,346000,1,0,0:0:0:0:
64,192,346043,1,0,0:0:0:0:
448,192,346087,1,0,0:0:0:0:
320,192,346130,1,0,0:0:0:0:
192,192,346174,1,0,0:0:0:0:
448,192,346217,1,0,0:0:0:0:
320,192,346261,1,0,0:0:0:0:
192,192,346304,1,0,0:0:0:0:
64,192,346348,1,0,0:0:0:0:
448,192,346391,1,0,0:0:0:0:
192,192,346435,1,0,0:0:0:0:
64,192,346478,1,0,0:0:0:0:
320,192,346522,1,0,0:0:0:0:
448,192,346522,1,0,0:0:0:0:
192,192,346565,1,0,0:0:0:0:
64,192,346609,1,0,0:0:0:0:
448,192,346652,1,0,0:0:0:0:
320,192,346696,1,0,0:0:0:0:
64,192,346739,1,0,0:0:0:0:
448,192,346783,1,0,0:0:0:0:
320,192,346826,1,0,0:0:0:0:
192,192,346869,1,0,0:0:0:0:
448,192,346913,1,0,0:0:0:0:
64,192,346956,1,0,0:0:0:0:
192,192,347000,1,0,0:0:0:0:
320,192,347043,1,0,0:0:0:0:
448,192,347043,1,0,0:0:0:0:
64,192,347087,1,0,0:0:0:0:
192,192,347130,1,0,0:0:0:0:
448,192,347174,1,0,0:0:0:0:
320,192,347217,1,0,0:0:0:0:
192,192,347261,1,0,0:0:0:0:
448,192,347304,1,0,0:0:0:0:
320,192,347348,1,0,0:0:0:0:
64,192,347391,1,0,0:0:0:0:
448,192,347435,1,0,0:0:0:0:
320,192,347478,1,0,0:0:0:0:
192,192,347522,1,0,0:0:0:0:
448,192,347565,1,0,0:0:0:0:
64,192,347565,1,0,0:0:0:0:
320,192,347609,1,0,0:0:0:0:
192,192,347652,1,0,0:0:0:0:
64,192,347696,1,0,0:0:0:0:
448,192,347739,1,0,0:0:0:0:
320,192,347783,1,0,0:0:0:0:
64,192,347826,1,0,0:0:0:0:
448,192,347869,1,0,0:0:0:0:
192,192,347913,1,0,0:0:0:0:
64,192,347956,1,0,0:0:0:0:
320,192,348000,1,0,0:0:0:0:
192,192,348043,1,0,0:0:0:0:
448,192,348087,1,0,0:0:0:0:
64,192,348087,1,0,0:0:0:0:
320,192,348130,1,0,0:0:0:0:
192,192,348174,1,0,0:0:0:0:
64,192,348217,1,0,0:0:0:0:
448,192,348261,1,0,0:0:0:0:
192,192,348304,1,0,0:0:0:0:
64,192,348348,1,0,0:0:0:0:
448,192,348391,1,0,0:0:0:0:
320,192,348435,1,0,0:0:0:0:
64,192,348478,1,0,0:0:0:0:
448,192,348522,1,0,0:0:0:0:
192,192,348565,1,0,0:0:0:0:
64,192,348609,1,0,0:0:0:0:
320,192,348609,1,0,0:0:0:0:
448,192,348652,1,0,0:0:0:0:
192,192,348696,1,0,0:0:0:0:
64,192,348739,1,0,0:0:0:0:
448,192,348783,1,0,0:0:0:0:
192,192,348826,1,0,0:0:0:0:
64,192,348869,1,0,0:0:0:0:
320,192,348913,1,0,0:0:0:0:
448,192,348956,1,0,0:0:0:0:
192,192,349000,1,0,0:0:0:0:
320,192,349043,1,0,0:0:0:0:
448,192,349087,1,0,0:0:0:0:
64,192,349130,1,0,0:0:0:0:
192,192,349130,1,0,0:0:0:0:
320,192,349174,1,0,0:0:0:0:
448,192,349217,1,0,0:0:0:0:
192,192,349261,1,0,0:0:0:0:
320,192,349304,1,0,0:0:0:0:
64,192,349348,1,0,0:0:0:0:
192,192,349391,1,0,0:0:0:0:
320,192,349435,1,0,0:0:0:0:
448,192,349478,1,0,0:0:0:0:
192,192,349522,1,0,0:0:0:0:
320,192,349565,1,0,0:0:0:0:
448,192,349609,1,0,0:0:0:0:
64,192,349652,1,0,0:0:0:0:
192,192,349652,1,0,0:0:0:0:
320,192,349696,1,0,0:0:0:0:
448,192,349739,1,0,0:0:0:0:
192,192,349783,1,0,0:0:0:0:
320,192,349826,1,0,0:0:0:0:
64,192,349869,1,0,0:0:0:0:
448,192,349913,1,0,0:0:0:0:
320,192,349956,1,0,0:0:0:0:
192,192,350000,1,0,0:0:0:0:
448,192,350043,1,0,0:0:0:0:
64,192,350087,1,0,0:0:0:0:
320,192,350130,1,0,0:0:0:0:
192,192,350174,1,0,0:0:0:0:
448,192,350174,1,0,0:0:0:0:
64,192,350217,1,0,0:0:0:0:
320,192,350261,1,0,0:0:0:0:
448,192,350304,1,0,0:0:0:0:
192,192,350348,1,0,0:0:0:0:
64,192,350391,1,0,0:0:0:0:
448,192,350435,1,0,0:0:0:0:
320,192,350478,1,0,0:0:0:0:
64,192,350522,1,0,0:0:0:0:
192,192,350565,1,0,0:0:0:0:
448,192,350609,1,0,0:0:0:0:
64,192,350652,1,0,0:0:0:0:
320,192,350696,1,0,0:0:0:0:
192,192,350696,1,0,0:0:0:0:
448,192,350739,1,0,0:0:0:0:
64,192,350783,1,0,0:0:0:0:
192,192,350826,1,0,0:0:0:0:
320,192,350869,1,0,0:0:0:0:
448,192,350913,1,0,0:0:0:0:
64,192,350956,1,0,0:0:0:0:
192,192,351000,1,0,0:0:0:0:
448,192,351043,1,0,0:0:0:0:
320,192,351087,1,0,0:0:0:0:
64,192,351130,1,0,0:0:0:0:
192,192,351174,1,0,0:0:0:0:
320,192,351217,1,0,0:0:0:0:
448,192,351217,1,0,0:0:0:0:
64,192,351261,1,0,0:0:0:0:
192,192,351304,1,0,0:0:0:0:
320,192,351348,1,0,0:0:0:0:
448,192,351391,1,0,0:0:0:0:
192,192,351435,1,0,0:0:0:0:
320,192,351478,1,0,0:0:0:0:
448,192,351522,1,0,0:0:0:0:
64,192,351565,1,0,0:0:0:0:
320,192,351609,1,0,0:0:0:0:
192,192,351652,1,0,0:0:0:0:
448,192,351696,1,0,0:0:0:0:
320,192,351739,1,0,0:0:0:0:
64,192,351739,1,0,0:0:0:0:
192,192,351783,1,0,0:0:0:0:
448,192,351826,1,0,0:0:0:0:
64,192,351869,1,0,0:0:0:0:
192,192,351913,1,0,0:0:0:0:
320,192,351956,1,0,0:0:0:0:
64,192,352000,1,0,0:0:0:0:
192,192,352043,1,0,0:0:0:0:
320,192,352087,1,0,0:0:0:0:
448,192,352130,1,0,0:0:0:0:
64,192,352174,1,0,0:0:0:0:
192,192,352217,1,0,0:0:0:0:
320,192,352261,1,0,0:0:0:0:
448,192,352261,1,0,0:0:0:0:
64,192,352304,1,0,0:0:0:0:
192,192,352348,1,0,0:0:0:0:
448,192,352391,1,0,0:0:0:0:
64,192,352435,1,0,0:0:0:0:
192,192,352478,1,0,0:0:0:0:
448,192,352522,1,0,0:0:0:0:
64,192,352565,1,0,0:0:0:0:
192,192,352609,1,0,0:0:0:0:
448,192,352652,1,0,0:0:0:0:
320,192,352696,1,0,0:0:0:0:
64,192,352739,1,0,0:0:0:0:
192,192,352783,1,0,0:0:0:0:
448,192,352783,1,0,0:0:0:0:
320,192,352826,1,0,0:0:0:0:
64,192,352869,1,0,0:0:0:0:
448,192,352913,1,0,0:0:0:0:
320,192,352956,1,0,0:0:0:0:
64,192,353000,1,0,0:0:0:0:
192,192,353043,1,0,0:0:0:0:
448,192,353087,1,0,0:0:0:0:
64,192,353130,1,0,0:0:0:0:
192,192,353174,1,0,0:0:0:0:
448,192,353217,1,0,0:0:0:0:
320,192,353261,1,0,0:0:0:0:
192,192,353304,1,0,0:0:0:0:
64,192,353304,1,0,0:0:0:0:
448,192,353348,1,0,0:0:0:0:
320,192,353391,1,0,0:0:0:0:
64,192,353435,1,0,0:0:0:0:
448,192,353478,1,0,0:0:0:0:
192,192,353522,1,0,0:0:0:0:
64,192,353565,1,0,0:0:0:0:
448,192,353609,1,0,0:0:0:0:
192,192,353652,1,0,0:0:0:0:
320,192,353696,1,0,0:0:0:0:
448,192,353739,1,0,0:0:0:0:
64,192,353783,1,0,0:0:0:0:
192,192,353826,1,0,0:0:0:0:
320,192,353826,1,0,0:0:0:0:
448,192,353869,1,0,0:0:0:0:
64,192,353913,1,0,0:0:0:0:
192,192,353956,1,0,0:0:0:0:
320,192,354000,1,0,0:0:0:0:
64,192,354043,1,0,0:0:0:0:
448,192,354087,1,0,0:0:0:0:
192,192,354130,1,0,0:0:0:0:
320,192,354174,1,0,0:0:0:0:
448,192,354217,1,0,0:0:0:0:
192,192,354261,1,0,0:0:0:0:
64,192,354304,1,0,0:0:0:0:
320,192,354348,1,0,0:0:0:0:
448,192,354348,1,0,0:0:0:0:
192,192,354391,1,0,0:0:0:0:
64,192,354435,1,0,0:0:0:0:
448,192,354478,1,0,0:0:0:0:
192,192,354522,1,0,0:0:0:0:
320,192,354565,1,0,0:0:0:0:
64,192,354609,1,0,0:0:0:0:
448,192,354652,1,0,0:0:0:0:
192,192,354696,1,0,0:0:0:0:
64,192,354739,1,0,0:0:0:0:
320,192,354783,1,0,0:0:0:0:
448,192,354826,1,0,0:0:0:0:
192,192,354869,1,0,0:0:0:0:
64,192,354869,1,0,0:0:0:0:
320,192,354913,1,0,0:0:0:0:
448,192,354956,1,0,0:0:0:0:
192,192,355000,1,0,0:0:0:0:
64,192,355043,1,0,0:0:0:0:
448,192,355087,1,0,0:0:0:0:
192,192,355130,1,0,0:0:0:0:
320,192,355174,1,0,0:0:0:0:
64,192,355217,1,0,0:0:0:0:
192,192,355261,1,0,0:0:0:0:
320,192,355304,1,0,0:0:0:0:
448,192,355348,1,0,0:0:0:0:
64,192,355391,1,0,0:0:0:0:
192,192,355391,1,0,0:0:0:0:
320,192,355435,1,0,0:0:0:0:
448,192,355478,1,0,0:0:0:0:
64,192,355522,1,0,0:0:0:0:
192,192,355565,1,0,0:0:0:0:
320,192,355609,1,0,0:0:0:0:
64,192,355652,1,0,0:0:0:0:
448,192,355696,1,0,0:0:0:0:
192,192,355739,1,0,0:0:0:0:
64,192,355783,1,0,0:0:0:0:
448,192,355826,1,0,0:0:0:0:
192,192,355869,1,0,0:0:0:0:
64,192,355913,1,0,0:0:0:0:
320,192,355913,1,0,0:0:0:0:
448,192,355956,1,0,0:0:0:0:
192,192,356000,1,0,0:0:0:0:
320,192,356043,1,0,0:0:0:0:
448,192,356087,1,0,0:0:0:0:
64,192,356130,1,0,0:0:0:0:
320,192,356174,1,0,0:0:0:0:
448,192,356217,1,0,0:0:0:0:
192,192,356261,1,0,0:0:0:0:
64,192,356304,1,0,0:0:0:0:
448,192,356348,1,0,0:0:0:0:
192,192,356391,1,0,0:0:0:0:
64,192,356435,1,0,0:0:0:0:
320,192,356435,1,0,0:0:0:0:
448,192,356478,1,0,0:0:0:0:
192,192,356522,1,0,0:0:0:0:
64,192,356565,1,0,0:0:0:0:
320,192,356609,1,0,0:0:0:0:
448,192,356652,1,0,0:0:0:0:
64,192,356696,1,0,0:0:0:0:
192,192,356739,1,0,0:0:0:0:
448,192,356783,1,0,0:0:0:0:
64,192,356826,1,0,0:0:0:0:
192,192,356869,1,0,0:0:0:0:
448,192,356913,1,0,0:0:0:0:
64,192,356956,1,0,0:0:0:0:
320,192,356956,1,0,0:0:0:0:
192,192,357000,1,0,0:0:0:0:
448,192,357043,1,0,0:0:0:0:
320,192,357087,1,0,0:0:0:0:
192,192,357130,1,0,0:0:0:0:
448,192,357174,1,0,0:0:0:0:
64,192,357217,1,0,0:0:0:0:
192,192,357261,1,0,0:0:0:0:
448,192,357304,1,0,0:0:0:0:
320,192,357348,1,0,0:0:0:0:
64,192,357391,1,0,0:0:0:0:
192,192,357435,1,0,0:0:0:0:
320,192,357478,1,0,0:0:0:0:
448,192,357478,1,0,0:0:0:0:
64,192,357522,1,0,0:0:0:0:
192,192,357565,1,0,0:0:0:0:
320,192,357609,1,0,0:0:0:0:
64,192,357652,1,0,0:0:0:0:
192,192,357696,1,0,0:0:0:0:
320,192,357739,1,0,0:0:0:0:
448,192,357783,1,0,0:0:0:0:
192,192,357826,1,0,0:0:0:0:
64,192,357869,1,0,0:0:0:0:
448,192,357913,1,0,0:0:0:0:
320,192,357956,1,0,0:0:0:0:
192,192,358000,1,0,0:0:0:0:
64,192,358000,1,0,0:0:0:0:
448,192,358043,1,0,0:0:0:0:
320,192,358087,1,0,0:0:0:0:
192,192,358130,1,0,0:0:0:0:
448,192,358174,1,0,0:0:0:0:
320,192,358217,1,0,0:0:0:0:
64,192,358261,1,0,0:0:0:0:
448,192,358304,1,0,0:0:0:0:
192,192,358348,1,0,0:0:0:0:
64,192,358391,1,0,0:0:0:0:
448,192,358435,1,0,0:0:0:0:
320,192,358478,1,0,0:0:0:0:
192,192,358522,1,0,0:0:0:0:
64,192,358522,1,0,0:0:0:0:
448,192,358565,1,0,0:0:0:0:
320,192,358609,1,0,0:0:0:0:
192,192,358652,1,0,0:0:0:0:
448,192,358696,1,0,0:0:0:0:
64,192,358739,1,0,0:0:0:0:
320,192,358783,1,0,0:0:0:0:
192,192,358826,1,0,0:0:0:0:
448,192,358869,1,0,0:0:0:0:
320,192,358913,1,0,0:0:0:0:
64,192,358956,1,0,0:0:0:0:
448,192,359000,1,0,0:0:0:0:
320,192,359043,1,0,0:0:0:0:
192,192,359043,1,0,0:0:0:0:
64,192,359087,1,0,0:0:0:0:
448,192,359130,1,0,0:0:0:0:
192,192,359174,1,0,0:0:0:0:
64,192,359217,1,0,0:0:0:0:
320,192,359261,1,0,0:0:0:0:
448,192,359304,1,0,0:0:0:0:
192,192,359348,1,0,0:0:0:0:
320,192,359391,1,0,0:0:0:0:
64,192,359435,1,0,0:0:0:0:
448,192,359478,1,0,0:0:0:0:
192,192,359522,1,0,0:0:0:0:
64,192,359565,1,0,0:0:0:0:
320,192,359565,1,0,0:0:0:0:
448,192,359609,1,0,0:0:0:0:
192,192,359652,1,0,0:0:0:0:
64,192,359696,1,0,0:0:0:0:
320,192,359739,1,0,0:0:0:0:
448,192,359783,1,0,0:0:0:0:
192,192,359826,1,0,0:0:0:0:
320,192,359869,1,0,0:0:0:0:
448,192,359913,1,0,0:0:0:0:
192,192,359956,1,0,0:0:0:0:
64,192,360000,1,0,0:0:0:0:
448,192,360043,1,0,0:0:0:0:
192,192,360087,1,0,0:0:0:0:
320,192,360087,1,0,0:0:0:0:
64,192,360130,1,0,0:0:0:0:
448,192,360174,1,0,0:0:0:0:
320,192,360217,1,0,0:0:0:0:
64,192,360261,1,0,0:0:0:0:
